334
275
822
671
551
880
339
350
971
602
945
891
21
765
723
375
132
865
444
993
675
353
713
704
497
509
402
113
111
761
652
751
176
543
725
253
149
796
114
997
836
127
255
606
749
647
938
397
60
157
913
316
139
442
567
942
608
969
801
77
874
926
877
952
471
789
892
752
162
987
384
856
937
343
37
750
831
976
204
208
818
596
136
54
590
925
178
898
757
871
49
327
679
981
445
213
129
361
506
634
351
760
481
610
238
857
650
834
576
653
41
547
565
826
592
747
329
274
764
488
578
560
287
321
899
389
346
847
226
611
995
848
211
50
846
601
954
80
730
894
475
490
23
736
268
423
827
271
224
338
844
964
701
982
838
68
873
107
120
811
369
564
228
889
583
193
513
855
69
66
300
619
394
166
185
10
293
910
404
883
220
175
9
532
75
680
876
524
941
383
301
763
234
729
337
531
803
124
649
515
373
366
626
956
843
536
85
914
582
367
715
214
841
313
840
429
727
635
743
20
781
42
948
542
40
472
364
733
628
656
171
654
799
439
916
35
868
996
930
2
864
477
658
250
615
568
508
766
687
786
824
261
807
581
943
863
305
223
530
414
717
633
484
659
233
667
835
140
479
853
888
322
696
81
918
690
411
642
61
82
495
7
219
684
625
523
663
828
266
589
247
784
65
668
988
403
561
599
181
121
