467
34
1
636
112
106
902
63
1145
475
430
29
446
289
12
1050
405
612
180
971
1090
10
1007
167
981
434
1128
451
280
136
418
440
2
380
133
316
568
483
403
157
220
931
87
68
551
75
526
1027
521
692
344
984
30
885
899
1061
321
851
175
1092
698
800
559
110
76
617
1078
973
857
206
858
84
342
255
572
323
102
1054
1117
59
292
71
43
57
1165
274
196
498
1125
1055
847
661
542
836
552
13
1029
832
833
602
237
940
113
544
310
659
664
529
1033
838
502
677
482
675
1170
917
884
920
797
786
750
645
881
879
411
1171
48
347
406
962
409
991
654
935
149
621
620
702
808
515
818
15
1103
816
17
91
161
162
1063
1051
577
1102
892
707
202
624
744
421
765
18
963
562
791
1094
463
792
201
275
337
183
159
300
301
123
269
333
19
425
165
226
299
357
325
398
334
32
186
81
985
759
653
1093
619
211
843
346
1015
253
423
130
147
122
21
1163
667
738
839
811
679
686
1142
218
355
748
1143
530
22
382
1144
1114
343
28
127
248
370
389
399
519
611
665
666
958
959
965
1005
1097
1141
1184
33
37
56
74
83
117
141
142
259
264
290
291
297
364
438
608
1059
193
36
108
1064
1024
66
1099
1091
62
359
1037
585
197
219
556
185
943
489
1081
1139
979
1159
874
548
1107
1138
1119
780
524
464
1083
1030
781
684
58
119
164
194
263
279
295
305
420
427
60
101
265
525
956
1003
1048
541
1164
807
111
462
1042
1053
815
61
260
236
532
272
445
282
216
536
424
241
349
647
298
1118
209
994
1095
995
77
407
391
417
400
1113
239
78
105
140
170
171
251
739
806
894
1178
90
261
341
366
442
597
662
663
834
835
941
954
996
1080
1158
100
367
395
428
683
746
1157
114
208
354
472
584
623
776
793
794
872
1109
327
227
465
303
128
222
681
120
435
229
326
250
304
329
1106
213
306
408
307
143
1039
594
402
125
1011
287
656
595
1022
330
381
443
178
131
132
166
262
267
270
285
302
324
332
338
176
294
317
953
977
1043
1068
1169
199
256
320
353
987
1166
243
278
350
363
375
376
537
1134
1135
244
245
276
331
339
373
383
384
385
386
387
397
474
246
314
1004
1049
247
322
351
368
374
388
957
980
249
315
1088
318
517
1174
1153
589
518
1181
939
369
1034
949
266
1085
1006
1173
319
356
960
1089
514
1070
1162
